<?xml version="1.0"?>
<opencv_storage>
<camera_matrix type_id="opencv-matrix">
  <rows>3</rows>
  <cols>3</cols>
  <dt>d</dt>
  <data>
    7.7605758461298603e+02 0. 2.9917019207461937e+02 0.
    7.8393974449821462e+02 1.4629418564481955e+02 0. 0. 1.</data></camera_matrix>
<distortion_coefficients type_id="opencv-matrix">
  <rows>5</rows>
  <cols>1</cols>
  <dt>d</dt>
  <data>
    -1.1851892573268320e-01 3.7012974333745587e+00
    -6.3443605825739893e-02 -2.0886598221177621e-02
    -1.0593067842984500e+01</data></distortion_coefficients>
<image_width>640</image_width>
<image_height>480</image_height>
</opencv_storage>
