<?xml version="1.0"?>
<opencv_storage>
<camera_matrix type_id="opencv-matrix">
  <rows>3</rows>
  <cols>3</cols>
  <dt>d</dt>
  <data>
    3.2521186005610230e+02 0. 1.5983881743821760e+02 0.
    3.2364666372205653e+02 1.1876366728392824e+02 0. 0. 1.</data></camera_matrix>
<distortion_coefficients type_id="opencv-matrix">
  <rows>5</rows>
  <cols>1</cols>
  <dt>d</dt>
  <data>
    -1.5015024947501585e-01 7.9275265931112143e-02
    1.1713687595031337e-02 3.7071098380672414e-04 6.8402954178158981e-01</data></distortion_coefficients>
<image_width>320</image_width>
<image_height>240</image_height>
</opencv_storage>
