<?xml version="1.0"?>
<opencv_storage>
<camera_matrix type_id="opencv-matrix">
  <rows>3</rows>
  <cols>3</cols>
  <dt>d</dt>
  <data>
    3.1786934376232620e+02 0. 1.7350932606298232e+02 0.
    3.1706943307179301e+02 1.3174924947880689e+02 0. 0. 1.</data></camera_matrix>
<distortion_coefficients type_id="opencv-matrix">
  <rows>5</rows>
  <cols>1</cols>
  <dt>d</dt>
  <data>
    1.5861732922683183e-01 -2.7183297725288549e+00
    2.5946184087423541e-02 2.1439914325956731e-02 6.4526164782760551e+00</data></distortion_coefficients>
<image_width>320</image_width>
<image_height>240</image_height>
</opencv_storage>
